amebaTxt2(00136):1.4cm, 平均フラクタル次元：1.0908416510
amebaTxt3(00128):0.4cm, 平均フラクタル次元：1.1838176067
amebaTxt4(00131):0.8cm, 平均フラクタル次元：1.0932989140